referrer,views_total,views_unique
Google,11,5
github.com,2,1
statics.teams.cdn.office.net,1,1
zenodo.org,1,1
